1516.22899642
3067.08954338
-1381.54615157
-951.08227719
1542.09549607
-580.42542500
-554.59789298
-4178.28071284
738.01171394
-639.09867201
-902.42598696
3804.77343245
862.59106989
1332.85702080
1221.26393370
2482.29926508
429.31316939
-433.08942830
-24.62599334
1000.03378535
93.43256677
-1435.45423712
933.68279381
971.56363592
-320.84913657
1495.43321222
-786.11147894
-276.21032819
1057.00564414
-439.53234961
989.43613899
625.99183228
4572.84610418
579.05334773
-1037.64530435
-100.70798402
2374.18931988
-864.34073700
699.30576537
1174.45084053
-675.86597132
-2019.13793545
-27.57479587
1440.28624052
1568.02317819
-728.37340358
1169.88126929
-868.36442827
559.11683218
709.06036151
-2515.99488528
307.69727199
-464.14378840
-804.46840435
-936.20064554
485.42162200
1402.44041887
-938.37363165
1542.88242867
-615.36297882
959.20731994
2121.25697446
-1139.87414293
1838.88905091
3033.57441060
-417.68870471
928.06305974
-2144.55028902
-181.29540815
943.91987361
-229.27943184
2932.04060350
807.16464795
1245.86468147
1810.83196460
-2124.44904071
-1046.00479530
-1633.19377258
1347.21329949
-1699.03234522
-1172.61514454
-369.06547612
132.03227583
-1000.63872149
-147.15919921
-807.94468158
-626.63498841
2222.76353396
2005.69176640
-354.08726574
-987.14646712
619.30426964
387.59882049
-345.73199658
561.29130916
1043.69201574
522.60635772
1323.37180190
-597.61961587
-1451.76224985