1565.5593166074568
1477.481305230534
1564.0657896047196
1490.7763854304173
1503.1881478418316
1497.5809069186926
1550.714358980485
1431.0480228414979
1521.6498572430828
1513.1858915642995
1527.3996743789135
1487.5576178257313
1524.8107113301653
1424.467401795721
1522.4923536330975
1516.507982167847
1394.7207654032743
1545.5889403199828
1531.77856788975
1447.8332177964503
1581.646078752126
1510.2552802150967
1630.775939943291
1505.5799966438628
1572.4827493630512
1582.499731207902
1549.7183624260515
1528.8643862188615
1411.2222127808566
1479.3521343816597
1491.770553428663
1551.825062119288
1644.4924894704643
1487.3139401774158
1526.0180262425263
1584.2819538955675
1542.043970518749
1536.4618409052575
1530.125915190451
1502.8274522935117
1496.084902276638
1500.4850275621693
1490.6272322329721
1510.681031509388
1579.4826200314956
1528.7886849464578
1337.4775482474806
1519.3055661043575
1531.9578250106729
1508.7404027056098
1557.5846659251604
1490.8037986967888
1519.1728096082065
1491.7067569115416
1534.5063889624791
1474.0608778410249
1499.7952746246922
1429.5168136745042
1505.1267168667675
1442.875836889285
1510.9550046382706
1528.3798744958906
1502.227808381025
1428.6636781617165
1461.0507994376085
1502.103341973983
1423.14360001096
1475.566453650666
1475.7394912334
1536.99695465703
1450.6815787987673
1586.7090520209476
1573.6860303192118
1485.2106087226973
1446.9814387196873
1523.7878529259642
1595.0747916983842
1577.5290132946488
1517.0050224554711
1481.5810384054955
1462.1870186097767
1410.105056705406
1569.1011586782665
1503.8374143147635
1478.03429915108
1558.6101496136962
1552.1309584129233
1477.5975974494559
1520.518043749699
1505.5980718204503
1573.4699751423157
1432.2235879795933
1493.8564521247524
1511.7721203476303
1543.1686997116924
1470.297865962373
1431.9788890294903
1599.2817592261772
1392.03420606937
1466.6459996914627
